-1.00017353
0.99761922
-0.99954610
-0.99954610
-1.00017353
-1.00043039
0.99761922
0.99761922
-1.00056747
-1.00043039
0.99761922
-0.99996760
-1.00035975
-0.99954610
-1.00017353
0.99761922
-0.99954610
0.99761922
-0.99996760
-0.99954610
0.99761922
-0.99954610
-0.99954610
2.99555321
-0.99996760
-0.99954610
-0.99954610
-1.00017353
-0.99954610
-0.99954610
-1.00043039
-0.99972139
-0.99954610
-0.99954610
-0.99954610
-0.99924744
-0.99954610
0.99761922
-0.99928786
-0.99934888
-0.99954610
-0.99996760
0.99761922
-0.99954610
0.99761922
0.99761922
-0.99996760
-0.99954610
-1.00002234
-0.99981493
-0.99954610
-1.00026715
-0.99892751
-0.99954610
-1.00035083
-0.99954610
-0.99954610
0.99761922
-0.99954610
0.99761922
-0.99954610
-0.99954610
-0.99954610
-0.99995378
-0.99954610
-0.99932786
-0.99954610
-0.99954610
0.99761922
-0.99954610
-0.99954610
-1.00000940
2.99555321
-0.99954610
-1.00009501
0.99838788
-0.99974347
-0.99954610
-0.99954610
-0.99989913
-0.99928786
-0.99954610
0.99761922
-0.99954610
-0.99954610
-0.99874086
-0.99977684
-0.99954610
0.99761922
-0.99954610
-0.99954610
-0.99954610
-0.99954610
-0.99995378
2.99555321
2.99555321
-0.99954610
0.99761922
-0.99954610
2.99555321
-1.00000001
-0.99932786
0.99761922
-0.99954610
-0.99972139
0.99761922
-0.99967527
2.99585449
-0.99928786
-0.99934888
-0.99924744
-0.99954610
-0.99908913
-0.99954610
-0.99974347
-0.99954610
-0.99934888
2.99555321
-0.99954610
-0.99954610
-0.99954610
-1.00003801
-0.99934888
0.99761922
-0.99954610
-0.99954610
0.99838788
-0.99954610
-0.99971193
-0.99954610
-0.99954610
-0.99928786
0.99761922
0.99858713
-0.99954610
-1.00002234
-0.99989913
-0.99954610
2.99555321
-0.99954610
-1.00043039
-0.99954610
-0.99890143
-1.00026468
-0.99954610
-0.99954610
0.99761922
-0.99913152
-0.99954610
-1.00002234
-0.99920046
-0.99996760
0.99761922
-0.99913152
-0.99995378
-0.99997137
-0.99954610
0.99761922
-0.99954610
-0.99954610
-0.99954610
-0.99954610
-0.99954610
-0.99954610
-0.99892751
0.99911537
0.99838788
-0.99972139
2.99555321
-0.99954610
-0.99874086
-0.99954610
-0.99954610
-0.99954610
-0.99954610
-0.99954610
-0.99999538
-0.99954610
-0.99954610
-0.99954610
-0.99954610
-1.00009053
-0.99928786
-0.99954610
-1.00016006
0.99761922
-0.99954610
0.99761922
0.99761922
-0.99954610
-0.99924744
-1.00002274
-0.99972139
-0.99954610
-0.99954610
-0.99954610
-0.99954610
-0.99924744
-0.99913152
-0.99888283
-0.99999698
-0.99954610
-0.99954610
-0.99892751
-0.99954610
-0.99954610
-0.99974347
2.99555321
-0.99996760
-0.99954610
-0.99954610
-0.99954610
-0.99954610
-0.99954610
-0.99954610
-0.99954610
-0.99928786
-0.99954610
2.99555321
-0.99954610
-0.99954610
-0.99954610
-0.99954610
0.99761922
0.99761922
-1.00000940
-0.99954610
-0.99954610
2.99555321
-0.99928786
-0.99954610
-1.00017353
-0.99954610
0.99761922
-0.99954610
-1.00055917
2.99555321
-0.99954610
-0.99883089
-1.00035975
-0.99962214
-0.99996760
-0.99954610
-0.99954610
-0.99954610
-0.99928786
-0.99974347
-0.99954610
-0.99974347
-0.99954610
-0.99986103
-0.99954610
-0.99928786
-1.00000001
-0.99954610
-1.00026468
-1.00038701
-0.99954610
-0.99954610
-0.99996760
0.99761922
-0.99954610
-0.99928786
-0.99954610
-0.99954610
2.99555321
-0.99928786
-0.99962214
0.99838788
-0.99899672
-1.00043039
-0.99892751
-0.99954610
0.99761922
-0.99954610
0.99815715
-0.99954610
0.99761922
-0.99956793
-0.99932786
-0.99960994
-0.99962214
-1.00043039
-1.00038701
-0.99996760
-0.99834938
0.99815715
-0.99954610
-0.99928786
-0.99954610
2.99555321
0.99792050
2.99555321
-1.00000001
-0.99995378
0.99838788
0.99761922
-0.99954610
-0.99962214
-0.99954610
-0.99954610
-1.00017826
-0.99954610
-1.00021266
-0.99954610
-0.99970101
-0.99954610
0.99761922
0.99761922
-0.99997137
-0.99913152
-0.99928786
-1.00002234
0.99903256
0.99761922
-0.99954610
-0.99942745
0.99761922
2.99555321
-0.99890143
0.99761922
-0.99920046
-1.00034705
0.99761922
-0.99954610
0.99792050
-1.00014832
-0.99892751
-0.99892751
-0.99954610
-0.99874086
-0.99874086
-0.99995378
-1.00039582
-0.99954610
-0.99924744
-0.99954610
-0.99954610
-1.00017353
-0.99954610
-0.99994299
-0.99954610
-0.99986103
0.99792050
-0.99954610
-1.00017353
-0.99954610
-0.99954610
-0.99954610
-0.99995378
-0.99954610
0.99761922
-1.00035975
-0.99932786
-0.99954610
-0.99954610
0.99761922
-1.00017353
-0.99961287
2.99555321
-0.99892751
-0.99954610
-0.99954610
-1.00017826
-0.99954610
-0.99995378
0.99761922
-0.99970612
0.99761922
-0.99954610
-0.99954610
-0.99954610
-0.99913152
-1.00035975
-0.99954610
-0.99954610
-1.00014832
-0.99890143
-0.99986103
-0.99954610
-0.99920046
-0.99954610
-0.99996760
-0.99946384
0.99761922
-0.99954610
-0.99954610
0.99761922
-0.99932786
-0.99954610
-0.99908913
0.99761922
2.99555321
-1.00058045
-0.99913152
-0.99996760
-0.99996760
0.99864796
-0.99954610
-0.99954610
-0.99954610
-1.00043039
-0.99954610
-0.99890143
-0.99954610
0.99761922
0.99792050
-1.00043039
-0.99954610
-0.99954610
-0.99913152
-0.99996760
-0.99924744
-0.99954610
0.99948001
0.99761922
-1.00032010
-1.00043039
-0.99954610
-0.99954610
-0.99974347
-0.99954610
-0.99954610
-0.99954610
-1.00017353
-0.99954610
-1.00011593
-0.99954610
-0.99954610
-0.99954610
-1.00000001
-0.99954610
-0.99939968
-0.99954610
-0.99881862
-1.00017353
-1.00000001
-0.99954610
0.99761922
-0.99996760
-0.99974347
-0.99932786
-1.00056747
2.99555321
-0.99996760
-0.99849659
-0.99954610
-0.99954610
0.99761922
2.99555321
-1.00002234
-0.99954610
-1.00000940
-0.99954610
2.99585449
0.99761922
-1.00043039
2.99555321
-0.99954610
-0.99954610
-0.99954610
-1.00003912
-0.99954610
0.99792050
-0.99996760
-0.99946384
0.99761922
-1.00041440
-0.99954610
0.99761922
0.99761922
-0.99954610
-0.99996760
-0.99996760
-1.00025774
0.99761922
-0.99954610
-1.00017826
-0.99954610
-0.99996760
2.99555321
-0.99928786
-0.99954610
-0.99954610
-0.99996760
-1.00026715
-1.00056747
-0.99890143
-0.99946384
0.99761922
-0.99928786
-0.99954610
-0.99928786
0.99761922
0.99761922
-0.99954610
-0.99974347
-1.00042188
-0.99974347
-0.99913152
-0.99928786
-0.99892751
-1.00043039
-1.00056747
0.99761922
-0.99996760
-0.99954610
0.99761922
0.99761922
-0.99954610
-0.99934888
-0.99996760
-0.99954610
-0.99984654
-0.99954610
-0.99954610
-1.00000940
0.99852651
0.99792050
-0.99954610
-0.99954610
-0.99934888
-0.99954610
-1.00043039
-0.99954610
-0.99972139
-0.99954610
-0.99954610
-0.99974347
-0.99995378
2.99555321
-0.99996760
-0.99988536
-0.99954610
-0.99954610
-0.99954610
-0.99962214
-0.99954610
-0.99954610
-0.99954610
-0.99928786
-0.99954610
0.99761922
-0.99954610
-0.99954610
-0.99954610
-0.99954610
-0.99954610
-1.00056747
-0.99954610
0.99761922
-0.99954610
-0.99954610
0.99761922
-0.99954610
-0.99954610
-1.00043039
-0.99954610
-0.99890143
-0.99954610
-0.99954610
0.99761922
0.99838788
-0.99954610
-0.99996760
-0.99892751
-0.99974347
-0.99986103
-1.00000001
0.99761922
-1.00009053
0.99858713
-1.00009053
-0.99954610
-0.99954610
0.99761922
-0.99954610
0.99761922
0.99761922
-0.99991097
-1.00029081
-0.99954610
2.99555321
-0.99946384
-0.99974347
0.99761922
0.99761922
0.99761922
-0.99946384
-1.00041440
0.99761922
-0.99954610
-0.99954610
-0.99892751
-0.99954610
-0.99954610
-1.00000001
0.99761922
-1.00017353
-0.99995378
0.99761922
-0.99954610
-1.00056747
-0.99954610
-0.99954610
-0.99974347
-0.99899672
-0.99954610
-0.99984654
-0.99954610
0.99761922
-0.99987303
-0.99932786
-0.99989913
-1.00017353
-0.99984654
-0.99954610
0.99761922
-0.99954610
-0.99954610
-0.99954610
-0.99996760
-0.99991440
-0.99920046
0.99761922
-1.00000001
-0.99954610
-0.99954610
0.99761922
0.99761922
-0.99954610
-0.99954610
-0.99954610
-0.99920046
-0.99954610
-0.99972139
-0.99954610
-1.00043039
2.99555321
-1.00000001
-0.99977684
-0.99954610
2.99555321
-0.99954610
-1.00035975
-0.99954610
-0.99954610
-0.99994299
-0.99892751
-0.99974347
0.99761922
-1.00016006
-0.99954610
-1.00003801
-0.99954610
-0.99954610
-0.99954610
-0.99954610
-0.99986103
2.99555321
-0.99954610
-0.99954610
-0.99954610
-0.99996760
-0.99996760
-1.00017353
-0.99934888
0.99761922
-0.99954610
-0.99954610
-1.00014832
0.99761922
0.99761922
-0.99954610
-1.00042188
0.99761922
-1.00056747
0.99792050
-0.99954610
0.99761922
2.99555321
-0.99954610
0.99761922
0.99761922
-0.99954610
-1.00017353
0.99838788
-0.99972139
-0.99946384
-0.99954610
-0.99954610
2.99555321
-0.99954610
-0.99890143
-0.99972139
-0.99954610
-0.99915578
-1.00015219
-0.99954610
-0.99954610
0.99761922
-0.99970101
-0.99954610
2.99555321
0.99761922
-0.99954610
0.99761922
-0.99954610
-0.99954610
-0.99974347
-1.00041440
-0.99986103
-1.00002234
-0.99954610
-0.99890143
0.99761922
-0.99991440
-0.99954610
-0.99995378
-0.99954610
-0.99954610
-0.99954610
-0.99888283
-0.99995378
0.99761922
-0.99995378
-0.99996760
-0.99954610
-0.99954610
-0.99954610
-0.99954610
2.99555321
-1.00043039
-1.00014832
-1.00043039
-0.99934888
-0.99977684
-0.99974347
-1.00000001
-0.99954610
-0.99999538
0.99761922
-0.99954610
-0.99954610
-0.99892751
-0.99962214
-0.99954610
-0.99890143
0.99761922
-0.99954610
-0.99954610
0.99792050
-1.00002234
2.99555321
-1.00017353
0.99761922
-0.99954610
-0.99928786
-1.00056747
1.00024706
-0.99954610
-0.99954610
0.99761922
0.99761922
-0.99954610
-1.00000869
2.99555321
-0.99977684
-0.99954610
-0.99954610
-0.99974347
-0.99920046
-0.99954610
-0.99954610
-0.99928786
-0.99954610
-0.99913152
0.99761922
-0.99954610
-0.99996760
